# Created by Octave 4.0.0, Fri Feb 12 15:51:04 2016 PST <ajfriend@ajmba>
# name: flows
# type: matrix
# rows: 19
# columns: 1
 2.0762282
 2.3904465
 2.4151407
 3.1181847
 1.1348361
 0.48064576
 0.50024172
 -0.11572359
 -1.4960089
 -1.2015186
 -1.3024725
 -0.16193653
 -0.2022861
 -0.13577737
 -1.899456
 -1.3538742
 -1.2410729
 -1.4416442
 -1.5639527


